<Qucs Dataset 0.0.19>
<indep time 200>
  +0.00000000000000000000e+00
  +1.50753768844221095646e-07
  +3.01507537688442191293e-07
  +4.52261306532663260469e-07
  +6.03015075376884382586e-07
  +7.53768844221105504702e-07
  +9.04522613065326520939e-07
  +1.05527638190954764306e-06
  +1.20603015075376876517e-06
  +1.35678391959798988729e-06
  +1.50753768844221100940e-06
  +1.65829145728643213152e-06
  +1.80904522613065304188e-06
  +1.95979899497487416399e-06
  +2.11055276381909528611e-06
  +2.26130653266331640823e-06
  +2.41206030150753753034e-06
  +2.56281407035175865246e-06
  +2.71356783919597977458e-06
  +2.86432160804020089669e-06
  +3.01507537688442201881e-06
  +3.16582914572864314092e-06
  +3.31658291457286426304e-06
  +3.46733668341708538516e-06
  +3.61809045226130608376e-06
  +3.76884422110552720587e-06
  +3.91959798994974832799e-06
  +4.07035175879396945010e-06
  +4.22110552763819057222e-06
  +4.37185929648241169434e-06
  +4.52261306532663281645e-06
  +4.67336683417085393857e-06
  +4.82412060301507506069e-06
  +4.97487437185929618280e-06
  +5.12562814070351730492e-06
  +5.27638190954773842703e-06
  +5.42713567839195954915e-06
  +5.57788944723618067127e-06
  +5.72864321608040179338e-06
  +5.87939698492462291550e-06
  +6.03015075376884403762e-06
  +6.18090452261306515973e-06
  +6.33165829145728628185e-06
  +6.48241206030150740396e-06
  +6.63316582914572852608e-06
  +6.78391959798994964820e-06
  +6.93467336683417077031e-06
  +7.08542713567839189243e-06
  +7.23618090452261216751e-06
  +7.38693467336683328963e-06
  +7.53768844221105441174e-06
  +7.68844221105527638089e-06
  +7.83919597989949665598e-06
  +7.98994974874371862513e-06
  +8.14070351758793890021e-06
  +8.29145728643216086936e-06
  +8.44221105527638114444e-06
  +8.59296482412060311359e-06
  +8.74371859296482338867e-06
  +8.89447236180904535782e-06
  +9.04522613065326563291e-06
  +9.19597989949748760206e-06
  +9.34673366834170787714e-06
  +9.49748743718592984629e-06
  +9.64824120603015012137e-06
  +9.79899497487437039645e-06
  +9.94974874371859236560e-06
  +1.01005025125628126407e-05
  +1.02512562814070346098e-05
  +1.04020100502512548849e-05
  +1.05527638190954768541e-05
  +1.07035175879396971292e-05
  +1.08542713567839190983e-05
  +1.10050251256281393734e-05
  +1.11557788944723613425e-05
  +1.13065326633165816176e-05
  +1.14572864321608035868e-05
  +1.16080402010050238618e-05
  +1.17587939698492458310e-05
  +1.19095477386934661061e-05
  +1.20603015075376880752e-05
  +1.22110552763819083503e-05
  +1.23618090452261303195e-05
  +1.25125628140703505945e-05
  +1.26633165829145725637e-05
  +1.28140703517587928388e-05
  +1.29648241206030148079e-05
  +1.31155778894472350830e-05
  +1.32663316582914570522e-05
  +1.34170854271356773272e-05
  +1.35678391959798992964e-05
  +1.37185929648241195715e-05
  +1.38693467336683415406e-05
  +1.40201005025125618157e-05
  +1.41708542713567837849e-05
  +1.43216080402010040599e-05
  +1.44723618090452243350e-05
  +1.46231155778894463042e-05
  +1.47738693467336665793e-05
  +1.49246231155778885484e-05
  +1.50753768844221088235e-05
  +1.52261306532663307926e-05
  +1.53768844221105527618e-05
  +1.55276381909547730369e-05
  +1.56783919597989933120e-05
  +1.58291457286432135870e-05
  +1.59798994974874372503e-05
  +1.61306532663316575253e-05
  +1.62814070351758778004e-05
  +1.64321608040200980755e-05
  +1.65829145728643217387e-05
  +1.67336683417085420138e-05
  +1.68844221105527622889e-05
  +1.70351758793969825640e-05
  +1.71859296482412062272e-05
  +1.73366834170854265023e-05
  +1.74874371859296467773e-05
  +1.76381909547738670524e-05
  +1.77889447236180907156e-05
  +1.79396984924623109907e-05
  +1.80904522613065312658e-05
  +1.82412060301507515409e-05
  +1.83919597989949752041e-05
  +1.85427135678391954792e-05
  +1.86934673366834157543e-05
  +1.88442211055276360294e-05
  +1.89949748743718596926e-05
  +1.91457286432160799677e-05
  +1.92964824120603002427e-05
  +1.94472361809045205178e-05
  +1.95979899497487407929e-05
  +1.97487437185929644561e-05
  +1.98994974874371847312e-05
  +2.00502512562814050063e-05
  +2.02010050251256252814e-05
  +2.03517587939698489446e-05
  +2.05025125628140692197e-05
  +2.06532663316582894948e-05
  +2.08040201005025097698e-05
  +2.09547738693467334331e-05
  +2.11055276381909537081e-05
  +2.12562814070351739832e-05
  +2.14070351758793942583e-05
  +2.15577889447236179215e-05
  +2.17085427135678381966e-05
  +2.18592964824120584717e-05
  +2.20100502512562787468e-05
  +2.21608040201005024100e-05
  +2.23115577889447226851e-05
  +2.24623115577889429601e-05
  +2.26130653266331632352e-05
  +2.27638190954773868984e-05
  +2.29145728643216071735e-05
  +2.30653266331658274486e-05
  +2.32160804020100477237e-05
  +2.33668341708542713869e-05
  +2.35175879396984916620e-05
  +2.36683417085427119371e-05
  +2.38190954773869322122e-05
  +2.39698492462311558754e-05
  +2.41206030150753761505e-05
  +2.42713567839195964255e-05
  +2.44221105527638167006e-05
  +2.45728643216080369757e-05
  +2.47236180904522606389e-05
  +2.48743718592964809140e-05
  +2.50251256281407011891e-05
  +2.51758793969849214642e-05
  +2.53266331658291451274e-05
  +2.54773869346733654025e-05
  +2.56281407035175856776e-05
  +2.57788944723618059526e-05
  +2.59296482412060296159e-05
  +2.60804020100502498909e-05
  +2.62311557788944701660e-05
  +2.63819095477386904411e-05
  +2.65326633165829141043e-05
  +2.66834170854271343794e-05
  +2.68341708542713546545e-05
  +2.69849246231155749296e-05
  +2.71356783919597985928e-05
  +2.72864321608040188679e-05
  +2.74371859296482391430e-05
  +2.75879396984924594180e-05
  +2.77386934673366830812e-05
  +2.78894472361809033563e-05
  +2.80402010050251236314e-05
  +2.81909547738693439065e-05
  +2.83417085427135675697e-05
  +2.84924623115577878448e-05
  +2.86432160804020081199e-05
  +2.87939698492462283950e-05
  +2.89447236180904486700e-05
  +2.90954773869346723333e-05
  +2.92462311557788926083e-05
  +2.93969849246231128834e-05
  +2.95477386934673331585e-05
  +2.96984924623115568217e-05
  +2.98492462311557770968e-05
  +2.99999999999999973719e-05
</indep>
<dep V1.It time>
  -1.53375932307841418567e-02
  -1.54640983747799890674e-02
  -1.57383528196378061348e-02
  -1.61097763886886083395e-02
  -1.64764540145908439106e-02
  -1.67272598310894034246e-02
  -1.68503341656716792984e-02
  -1.67917325368625094950e-02
  -1.65579840265499267371e-02
  -1.61913348158822280320e-02
  -1.57596329431477708005e-02
  -1.53452473747037309443e-02
  -1.50321068221802699866e-02
  -1.48840894445055934442e-02
  -1.49280022300308460453e-02
  -1.51486849799249267273e-02
  -1.54936724949429616149e-02
  -1.58850539772714058340e-02
  -1.62358115170630618040e-02
  -1.64687075324426203393e-02
  -1.65319105421737611028e-02
  -1.64098261478756897447e-02
  -1.61256277724396365758e-02
  -1.57343044482524813121e-02
  -1.53120287354402452584e-02
  -1.49441787860225671486e-02
  -1.47090526237482494692e-02
  -1.46559773067626436527e-02
  -1.47934164186725378154e-02
  -1.50887837463554042722e-02
  -1.54762568883869740949e-02
  -1.58716860535737386284e-02
  -1.61899518781389133160e-02
  -1.63626120547777954839e-02
  -1.63526748588817827379e-02
  -1.61617704454204737241e-02
  -1.58285189183158016279e-02
  -1.54188607332703918329e-02
  -1.50146688777814431293e-02
  -1.47016501379241999736e-02
  -1.45480361649891008075e-02
  -1.45859334638363813408e-02
  -1.48052328088355972247e-02
  -1.51572387170817793334e-02
  -1.55657966772110439857e-02
  -1.59433074460291618335e-02
  -1.62098197075430522363e-02
  -1.63092251962728383707e-02
  -1.62209475443784757742e-02
  -1.59636734963135296095e-02
  -1.55897066177134221293e-02
  -1.51734915964849299136e-02
  -1.48008810945860613123e-02
  -1.45532355140805137045e-02
  -1.44847160825499216702e-02
  -1.46090808511264609593e-02
  -1.48982804443803015099e-02
  -1.52894177569676097128e-02
  -1.56989998761506398262e-02
  -1.60403121672419886334e-02
  -1.62415324239093827874e-02
  -1.62609087434718337095e-02
  -1.60952579499516537642e-02
  -1.57793585355957242944e-02
  -1.53769237861414859170e-02
  -1.49691531995837304181e-02
  -1.46425947651912836955e-02
  -1.44695964378218130258e-02
  -1.44877426573512650687e-02
  -1.46920837101481259468e-02
  -1.50378962698429416434e-02
  -1.54507999574786634989e-02
  -1.58433691318460925790e-02
  -1.61329114725433098165e-02
  -1.62590542428840759137e-02
  -1.61963031454609961146e-02
  -1.59587305092676427776e-02
  -1.55954017445154823063e-02
  -1.51791087255308890236e-02
  -1.47955097698446308430e-02
  -1.45284963446405592652e-02
  -1.44371950042967451405e-02
  -1.45408959050832130994e-02
  -1.48163548065455875913e-02
  -1.52040379660760473918e-02
  -1.56213693250755424058e-02
  -1.59800146981414550873e-02
  -1.62050265111800470552e-02
  -1.62499552226584194348e-02
  -1.61065507234983973373e-02
  -1.58054919099121747583e-02
  -1.54079106685113265129e-02
  -1.49938688506335762035e-02
  -1.46508406148793384610e-02
  -1.44550339169463425842e-02
  -1.44494580255246345829e-02
  -1.46345233577333550673e-02
  -1.49697468013621683841e-02
  -1.53832992169430568530e-02
  -1.57873130132621733446e-02
  -1.60969473302429583184e-02
  -1.62476202544122108606e-02
  -1.62088025622041560780e-02
  -1.59898291660722606522e-02
  -1.56365544988409793659e-02
  -1.52197068953649743833e-02
  -1.48245158712683698654e-02
  -1.45371000703437853324e-02
  -1.44215000350068865698e-02
  -1.45024484369772437009e-02
  -1.47616427970020148985e-02
  -1.51430128425259942493e-02
  -1.55653217401013829746e-02
  -1.59392935258279126731e-02
  -1.61865290952538098956e-02
  -1.62559435184136298613e-02
  -1.61342237794751819369e-02
  -1.58478648549818662561e-02
  -1.54554044740695725041e-02
  -1.50354847543594846021e-02
  -1.46764097174484509783e-02
  -1.44577811378667521469e-02
  -1.44278615813134090257e-02
  -1.45924168244232835279e-02
  -1.49153261975677863677e-02
  -1.53272388616600419020e-02
  -1.57407861716101528382e-02
  -1.60688289481152046800e-02
  -1.62431282992504810725e-02
  -1.62281182468024670618e-02
  -1.60282534385083608175e-02
  -1.56856925716733590359e-02
  -1.52691906279569765414e-02
  -1.48633779733489332364e-02
  -1.45560684761459821490e-02
  -1.44157618514862851528e-02
  -1.44728914575526276115e-02
  -1.47142703255727248096e-02
  -1.50875770312129536821e-02
  -1.55131621497509013946e-02
  -1.59010297801896946512e-02
  -1.61697837355395113157e-02
  -1.62637688336148382440e-02
  -1.61646051506601842740e-02
  -1.58941370233285361735e-02
  -1.55079126122620765404e-02
  -1.50833322841699042638e-02
  -1.47088673696737781693e-02
  -1.44673456150485549992e-02
  -1.44122689030435416346e-02
  -1.45549362632420645203e-02
  -1.48638584318450256427e-02
  -1.52724316155843902604e-02
  -1.56939920658927534181e-02
  -1.60398228251894085783e-02
  -1.62377304204681105482e-02
  -1.62472039566643709774e-02
  -1.60674635132891305278e-02
  -1.57367837737460436465e-02
  -1.53218981134605313627e-02
  -1.49065104474164402543e-02
  -1.45797878493637879382e-02
  -1.44148109962491024344e-02
  -1.44474812829126254832e-02
  -1.46698690683490784448e-02
  -1.50336301779170553039e-02
  -1.54608522285297513010e-02
  -1.58613003057509090177e-02
  -1.61510219663761507569e-02
  -1.62696896772655565100e-02
  -1.61937437321949019575e-02
  -1.59404353081872701692e-02
  -1.55620804244843615599e-02
  -1.51343460269764244763e-02
  -1.47455541338129027251e-02
  -1.44812983063399899203e-02
  -1.44004097859545491384e-02
  -1.45199112651833040638e-02
  -1.48132142314185352716e-02
  -1.52171287362802970522e-02
  -1.56455919554068408062e-02
  -1.60083737969883010965e-02
  -1.62296988633414129843e-02
  -1.62640242637130880143e-02
  -1.61054575881906907042e-02
  -1.57880423336802973300e-02
  -1.53761547660352278222e-02
  -1.49524603606963277236e-02
  -1.46072775049068351999e-02
  -1.44175785311450761761e-02
  -1.44250040482111503010e-02
  -1.46270766315798259050e-02
  -1.49797031336998225093e-02
  -1.54074472631890412033e-02
  -1.58195109146442754178e-02
  -1.61294285453982798317e-02
  -1.62727871166714402329e-02
  -1.62206204222523804603e-02
  -1.59852084083461493114e-02
  -1.56155664085261755569e-02
</dep>
<dep _net0.Vt time>
  +9.77235987378196924169e+00
  +7.52599113692246923790e+00
  +5.89406132949897543227e+00
  +5.10962136538255418117e+00
  +5.42968057123490233096e+00
  +6.61359891508113761915e+00
  +8.57198169895152162212e+00
  +1.08376146254302980765e+01
  +1.29318848727101372020e+01
  +1.44133413271875721051e+01
  +1.49691169988760179876e+01
  +1.44818458843977868611e+01
  +1.30536932048658744776e+01
  +1.09839507733991048610e+01
  +8.70848441606739775978e+00
  +6.70700336642283101440e+00
  +5.40187520995844394633e+00
  +5.06846260584920482728e+00
  +5.77732979138673474750e+00
  +7.37958597105943425731e+00
  +9.53851819395505273746e+00
  +1.17979681231636917005e+01
  +1.36814830219566232472e+01
  +1.47919718644886142300e+01
  +1.48940907960166395441e+01
  +1.39671470511009570004e+01
  +1.22051811921977435560e+01
  +9.97839410793824121981e+00
  +7.75623342518106806409e+00
  +6.00737149782247836782e+00
  +5.10115122518027508391e+00
  +5.22808243371268943633e+00
  +6.36285832347771407314e+00
  +8.26702710277287700080e+00
  +1.05394851464916996520e+01
  +1.27004373544501145687e+01
  +1.42937021949736315918e+01
  +1.49826842578001642181e+01
  +1.46219418585640994479e+01
  +1.32874927227846875155e+01
  +1.12599065213452913525e+01
  +8.96598389811473950317e+00
  +6.88934719382870586202e+00
  +5.46828629370870622495e+00
  +5.00276740032999178709e+00
  +5.59132430803517799234e+00
  +7.11037549025497472854e+00
  +9.24086653661631451939e+00
  +1.15336250523669026080e+01
  +1.35046497955513284950e+01
  +1.47376483900116550529e+01
  +1.49722307382992596558e+01
  +1.41589491687106381335e+01
  +1.24689999398078814608e+01
  +1.02575706266282331569e+01
  +7.99073407207035835143e+00
  +6.14651778363815370909e+00
  +5.11451561864754999931e+00
  +5.11188465733757002596e+00
  +6.14024324400619114783e+00
  +7.98401798030699172415e+00
  +1.02547692086878665663e+01
  +1.24732525042391664272e+01
  +1.41713725528638345708e+01
  +1.49904899020802808707e+01
  +1.47581114028603881394e+01
  +1.35233707688179514150e+01
  +1.15450683678585548364e+01
  +9.23970948995603613696e+00
  +7.09333468772648778611e+00
  +5.55887785553190827414e+00
  +4.96037627328787689152e+00
  +5.42381064120571210196e+00
  +6.85261911258818656734e+00
  +8.94639178533566692408e+00
  +1.12639683284058165214e+01
  +1.33164461845469528356e+01
  +1.46705220222631247395e+01
  +1.50403259456076323630e+01
  +1.43479255128633145233e+01
  +1.27389451334517982417e+01
  +1.05512466430983362642e+01
  +8.24595459030916977383e+00
  +6.30913467017830598138e+00
  +5.14975482972111997526e+00
  +5.01266304548854968459e+00
  +5.92712290387437246153e+00
  +7.70117013690660190406e+00
  +9.96200730679596091477e+00
  +1.22317503651425241173e+01
  +1.40320192278010047460e+01
  +1.49830157331978863766e+01
  +1.48841090379244853636e+01
  +1.37562130179410715414e+01
  +1.18356924893526382903e+01
  +9.52668363760305325627e+00
  +7.31600222233629704505e+00
  +5.67010138731718527083e+00
  +4.93649667205018083393e+00
  +5.27039368550294007321e+00
  +6.60219775631728289511e+00
  +8.65184541270177653871e+00
  +1.09875381290601801254e+01
  +1.31160319302403411967e+01
  +1.45876864399796080107e+01
  +1.50932327331631839229e+01
  +1.45254565435777642790e+01
  +1.30032486385034893317e+01
  +1.08468816285829756652e+01
  +8.51052739262225799166e+00
  +6.48676016267747268529e+00
  +5.20285989613025989797e+00
  +4.92988677500091831973e+00
  +5.72630787078552305758e+00
  +7.42501489075401988060e+00
  +9.66842649420691202522e+00
  +1.19833946165844462683e+01
  +1.38804116198782026004e+01
  +1.49599181981459832258e+01
  +1.49942683489556838339e+01
  +1.39761977184987724598e+01
  +1.21192963949650067690e+01
  +9.81418803877789969192e+00
  +7.54667217682328672623e+00
  +5.79520004251686504659e+00
  +4.92959337578493173027e+00
  +5.13265421751641959247e+00
  +6.36198248883237837958e+00
  +8.35961101332535605479e+00
  +1.07051306527216496534e+01
  +1.29027661943410407730e+01
  +1.44888090095441732785e+01
  +1.51297651949863531939e+01
  +1.46900275877954342718e+01
  +1.32619590507843501115e+01
  +1.11449427201266395571e+01
  +8.78507260338739648375e+00
  +6.67985635172365466161e+00
  +5.27365155497436877141e+00
  +4.86340153290926746621e+00
  +5.53641000943022820735e+00
  +7.15164719028519346722e+00
  +9.36916390687772526746e+00
  +1.17205474139573126990e+01
  +1.37105150380831517509e+01
  +1.49188170751074835607e+01
  +1.50901747065699947115e+01
  +1.41887444977234018495e+01
  +1.24038909467280227261e+01
  +1.01107663532319964617e+01
  +7.79278670058253730701e+00
  +5.93883112582233074761e+00
  +4.94057293897825822171e+00
  +5.00790659090198886361e+00
  +6.12746173198697885454e+00
  +8.06422769570006003903e+00
  +1.04118036699963045777e+01
  +1.26738319297899444393e+01
  +1.43720544803870122763e+01
  +1.51492647097673067691e+01
  +1.48416099572402444551e+01
  +1.35132052547935774811e+01
  +1.14432489358894606823e+01
  +9.06766311980533856740e+00
  +6.88702676464527208111e+00
  +5.36163218787507567242e+00
  +4.81362090536766906723e+00
  +5.35839029009927347857e+00
  +6.88288636028890454810e+00
  +9.06572595521452306855e+00
  +1.14474445747430468856e+01
  +1.35241505537979502805e+01
  +1.48591016031148654974e+01
  +1.51704619300612648658e+01
  +1.43926799024785516679e+01
  +1.26886699293947966538e+01
  +1.04163403640036573705e+01
  +8.05470200819803849868e+00
  +6.10181978537583535882e+00
  +4.96998601496317427006e+00
  +4.89828202378054999855e+00
  +5.90202622214776884135e+00
  +7.77093629156847143236e+00
  +1.01118695445134285649e+01
  +1.24308410316727151468e+01
  +1.42373978440708679472e+01
  +1.51510876785617618623e+01
  +1.49793200975439386724e+01
  +1.37583250492430106959e+01
  +1.17440949469187216891e+01
  +9.36069636214437927890e+00
  +7.11054486817224606909e+00
  +5.46839838186876292525e+00
  +4.78101051190923254097e+00
  +5.19392851830257207268e+00
  +6.62065554634719699578e+00
  +8.76200964640017332385e+00
  +1.11659127200250374301e+01
  +1.33250669005659254651e+01
  +1.47836124061056093382e+01
</dep>
<dep Output.Vt time>
  -2.27068075102272004528e-01
  -2.40320131528320057868e+00
  -3.87533138234742224881e+00
  -4.43934802053111088327e+00
  -3.89828016071023064626e+00
  -2.56029934411552773099e+00
  -5.22683351343021129765e-01
  +1.71287516900281566734e+00
  +3.66986554582284263404e+00
  +4.93172783831432859358e+00
  +5.22805467485724051357e+00
  +4.49254782848763589698e+00
  +2.87624605330034910367e+00
  +7.14897589189465776371e-01
  -1.53923384015707043204e+00
  -3.41376671828013034116e+00
  -4.51584094124569457307e+00
  -4.61547007968419542578e+00
  -3.69394394422472416295e+00
  -1.94724851971001466922e+00
  +2.55149292657394610728e-01
  +2.44571136554564461107e+00
  +4.16048494012379421747e+00
  +5.03589210574599555059e+00
  +4.88454735152942376430e+00
  +3.73732576429236473814e+00
  +1.83302376729417026979e+00
  -4.29548482465378356210e-01
  -2.57473562235184783020e+00
  -4.15141877377500190249e+00
  -4.82795656544916784725e+00
  -4.46336866226956541226e+00
  -3.13416482744462321364e+00
  -1.12105944842716276355e+00
  +1.15073233214889292242e+00
  +3.20047602840143952108e+00
  +4.59444261775740869780e+00
  +5.03714302915924605486e+00
  +4.43421390847550611625e+00
  +2.91193171337009637512e+00
  +7.89711853331116486743e-01
  -1.48633509442650613153e+00
  -3.43696529190237676232e+00
  -4.65108368355575496622e+00
  -4.87292738582974305217e+00
  -4.05602357892362253011e+00
  -2.37255142307275512792e+00
  -1.76811860287729771812e-01
  +2.06763269167066532361e+00
  +3.88641527773426886938e+00
  +4.89485651407505883981e+00
  +4.87948005443679910798e+00
  +3.84313744941751167516e+00
  +2.00367088530443027139e+00
  -2.52533125683436665554e-01
  -2.45020287463422015151e+00
  -4.12615480649802979229e+00
  -4.92665352005917522860e+00
  -4.68354350201848390611e+00
  -3.44722917308172593920e+00
  -1.47746600824983342903e+00
  +8.10375199939858958942e-01
  +2.93314172894922720047e+00
  +4.44264527050232516103e+00
  +5.01977742138399563032e+00
  +4.54297038386104290453e+00
  +3.11249698426554743946e+00
  +1.02828367998138325845e+00
  -1.27086119099617711470e+00
  -3.30028235476730102960e+00
  -4.63181696707356316267e+00
  -4.98445087685107957043e+00
  -4.28401927396415604932e+00
  -2.67719225338827904181e+00
  -5.02102905831540269332e-01
  +1.78274083881171563348e+00
  +3.69515047263530860278e+00
  +4.83119950418195998054e+00
  +4.95086432694782097030e+00
  +4.02884270533723132246e+00
  +2.25905727386955490488e+00
  +1.32293464364892088270e-02
  -2.23521687932202794968e+00
  -4.01220660741152990170e+00
  -4.94253120568405890367e+00
  -4.82965682727939071839e+00
  -3.69717214598421861638e+00
  -1.78298319551931072624e+00
  +5.10415752511780951295e-01
  +2.69812561025699615413e+00
  +4.31898584140840924306e+00
  +5.03090408174899827998e+00
  +4.68367989626639413814e+00
  +3.35036173166962214509e+00
  +1.31061603352061339933e+00
  -1.00618407586555491662e+00
  -3.11152101465376684786e+00
  -4.56114015456684729344e+00
  -5.04890669556980054011e+00
  -4.47154864254144435165e+00
  -2.94992143541016815789e+00
  -8.04245047741064311708e-01
  +1.51331938415382794005e+00
  +3.51326467758756422199e+00
  +4.77311228726843062020e+00
  +5.02806215761923347429e+00
  +4.22369631960457780906e+00
  +2.52875785814063824830e+00
  +3.00020143118745252764e-01
  -1.99302625422691548351e+00
  -3.86688144529657318316e+00
  -4.92587428086887602063e+00
  -4.94632406571788951766e+00
  -3.92303298924141952142e+00
  -2.07099977443638039176e+00
  +2.19774488273543511241e-01
  +2.46604330082553424575e+00
  +4.19279573946213091062e+00
  +5.03632920422338692390e+00
  +4.81868802020000686070e+00
  +3.58571523528571844963e+00
  +1.59626423840667541754e+00
  -7.30985522582511038081e-01
  -2.90547196559250942016e+00
  -4.46831021968012898071e+00
  -5.08946812369699053136e+00
  -4.63763672862642906125e+00
  -3.20771702297587602004e+00
  -1.09992429021514404042e+00
  +1.24196937863692546955e+00
  +3.32288350287974765251e+00
  +4.70377450626339310702e+00
  +5.09423551055622603201e+00
  +4.41147620729055844890e+00
  +2.79903347018962733728e+00
  +5.95182821223572133817e-01
  -1.73551993173284557770e+00
  -3.70164174583507055161e+00
  -4.88812216295530888033e+00
  -5.04431646830271596116e+00
  -4.13647419848233699469e+00
  -2.35518398265624284704e+00
  -7.54843898439307992021e-02
  +2.22104176268704733843e+00
  +4.05063049458837021177e+00
  +5.02677800759789583651e+00
  +4.94318340206469741815e+00
  +3.81771941545399862150e+00
  +1.88695290525580539054e+00
  -4.43115824375761135911e-01
  -2.68117097055705944086e+00
  -4.35512211970651819115e+00
  -5.11133804974429750700e+00
  -4.79085469235750593953e+00
  -3.46034272890935223899e+00
  -1.39932330855305764317e+00
  +9.59510896885555908398e-01
  +3.11725970755242620669e+00
  +4.61772714626377478453e+00
  +5.14533232861361078392e+00
  +4.58880780772933860590e+00
  +3.06464302681971467734e+00
  +8.93427807249540961720e-01
  -1.46747874904267661123e+00
  -3.52051066041785798433e+00
  -4.83223474398331287460e+00
  -5.12564170535954488628e+00
  -4.33888467586101267415e+00
  -2.63597127441757361765e+00
  -3.76095585766346829359e-01
  +1.96498998327758123139e+00
  +3.89198142099489707846e+00
  +4.99962443955384649996e+00
  +5.05396806401836862221e+00
  +4.04360664011844228583e+00
  +2.18041354774273088424e+00
  -1.44019670136264821281e-01
  -2.43956585569446282591e+00
  -4.22202702130661577939e+00
  -5.11501339555288936367e+00
  -4.92986711271334332451e+00
  -3.70532966860927981401e+00
  -1.69822324734500540444e+00
  +6.69042939340641851231e-01
  +2.89680152963225800988e+00
  +4.51386739523931979079e+00
  +5.17970671675270999401e+00
  +4.75394253310968295523e+00
  +3.32633636620688122321e+00
  +1.19640899245782961202e+00
  -1.18723072887093472616e+00
  -3.32202740862115053488e+00
  -4.75749259749732011926e+00
  -5.19039918040415404477e+00
  -4.52893486451679994076e+00
  -2.91192080255932150834e+00
  -6.78703218535401830991e-01
  +1.69910496117567255681e+00
  +3.71966289095798963160e+00
  +4.95629724450293096538e+00
</dep>
<dep _net3.Vt time>
  +6.17289538834073669982e-01
  -1.62354262692305151283e+00
  -3.25208266075337659728e+00
  -4.03503866037964442626e+00
  -3.71557469591831024402e+00
  -2.53398531610734645270e+00
  -5.79983930985525808488e-01
  +1.67943845474484132474e+00
  +3.76624391049883744387e+00
  +5.24072333229922193709e+00
  +5.79330836731486531477e+00
  +5.30885512820156968417e+00
  +3.88754423895732381666e+00
  +1.82531733594214262695e+00
  -4.43816097585373492418e-01
  -2.44077383696826721859e+00
  -3.74332779914832380896e+00
  -4.07612185670183535535e+00
  -3.36858791481751618235e+00
  -1.76962491451303138845e+00
  +3.84082554692804722940e-01
  +2.63663251439095436268e+00
  +4.51254554908112126554e+00
  +5.61722332037299931784e+00
  +5.71873642830582706864e+00
  +4.79683432124307351785e+00
  +3.04238029173621349344e+00
  +8.22751376717826166107e-01
  -1.39381639150318137332e+00
  -3.13899405125820329943e+00
  -4.04349323225712264929e+00
  -3.91679631278476048095e+00
  -2.78421487985119986419e+00
  -8.84205652927322893753e-01
  +1.38221633527091958271e+00
  +3.53573508587521700974e+00
  +5.12172265367369305977e+00
  +5.80679262624928238523e+00
  +5.44817172336937005639e+00
  +4.12033993112223573263e+00
  +2.10038821334586289780e+00
  -1.86960370762981969994e-01
  -2.25881092251057280507e+00
  -3.67704170521086082246e+00
  -4.14169690755945740790e+00
  -3.55423686216192447063e+00
  -2.03825198757412140438e+00
  +8.72169373754231175289e-02
  +2.37319817431510715622e+00
  +4.33652853741661292730e+00
  +5.56321646131818958736e+00
  +5.79640308131650439094e+00
  +4.98767044063448050650e+00
  +3.30520355921195463367e+00
  +1.10113156707689130442e+00
  -1.15985212460151698721e+00
  -3.00012246074814115104e+00
  -4.03015340713960412700e+00
  -4.03277952999544897494e+00
  -3.00638455059301579197e+00
  -1.16655269900263491856e+00
  +1.09833826266900991264e+00
  +3.30943976032853504066e+00
  +5.00002999932139413630e+00
  +5.81455039789229832792e+00
  +5.58356066098608039283e+00
  +4.35516430379588026511e+00
  +2.38460280341146546590e+00
  +8.60629002097305362273e-02
  -2.05525629927333053359e+00
  -3.58662162080616120363e+00
  -4.18401079728973357419e+00
  -3.72143358508043453625e+00
  -2.29546182769193363171e+00
  -2.06502936768238720688e-01
  +2.10443676783353916804e+00
  +4.14916633556046043907e+00
  +5.49647607726612630330e+00
  +5.86407869832245332020e+00
  +5.17565855085298220928e+00
  +3.57408902212964774137e+00
  +1.39394263083375857804e+00
  -9.05228280866449908082e-01
  -2.83783033956317209956e+00
  -3.99497908981691596253e+00
  -4.13181932563380271972e+00
  -3.21908553710906097933e+00
  -1.44875532550397667642e+00
  +8.06410566208443091440e-01
  +3.06885092169875539625e+00
  +4.86138377674380528504e+00
  +5.80712207047235651203e+00
  +5.70881451349808344276e+00
  +4.58692274916542164220e+00
  +2.67422456069783498478e+00
  +3.72279710382713957539e-01
  -1.83306968080399390608e+00
  -3.47561018439424396220e+00
  -4.20784699072111489926e+00
  -3.87456363227459021914e+00
  -2.54536301838289702459e+00
  -5.00315622173256757677e-01
  +1.82889338006606472220e+00
  +3.94961908269021533258e+00
  +5.41410904292711947505e+00
  +5.91665474684858150312e+00
  +5.35222566868074167701e+00
  +3.83731125979576770391e+00
  +1.68867673855303968011e+00
  -6.41288871949657002247e-01
  -2.66056430190927084567e+00
  -3.94197212568526733634e+00
  -4.21444488529203376004e+00
  -3.41951154693418635233e+00
  -1.72429575273624080545e+00
  +5.13640176454140284790e-01
  +2.82140202317406130206e+00
  +4.71052420561504447960e+00
  +5.78416569151065029786e+00
  +5.81830563956714463814e+00
  +4.80584020396834521449e+00
  +2.95681149834018874856e+00
  +6.59002516168513685635e-01
  -1.60290752253748181033e+00
  -3.35075217727108087828e+00
  -4.21473775187254418029e+00
  -4.01204819057595507559e+00
  -2.78508894703261589143e+00
  -7.91842059369248008061e-01
  +1.54736162257147746857e+00
  +3.73724521386349994856e+00
  +5.31578006312041129178e+00
  +5.95295635220531771381e+00
  +5.51587007309445898073e+00
  +4.09491779568530045452e+00
  +1.98579672684077501721e+00
  -3.67417717568501278613e-01
  -2.46786461800690526402e+00
  -3.87131182250628036456e+00
  -4.28080970954202211232e+00
  -3.60904683237036172372e+00
  -1.99706887949508793412e+00
  +2.15178418006629623704e-01
  +2.55948126611009385556e+00
  +4.54144107537863384039e+00
  +5.74331387106842594648e+00
  +5.91361595198674550034e+00
  +5.01731243166341922546e+00
  +3.24034381729500786662e+00
  +9.54749088487152675064e-01
  -1.35734599841662961772e+00
  -3.20740017785126996230e+00
  -4.20377812839246800536e+00
  -4.13656709634926134100e+00
  -3.01914072034491498542e+00
  -1.08652891616367908156e+00
  +1.25491395324827159641e+00
  +3.50923542261756304939e+00
  +5.19965858924582224887e+00
  +5.97233180171375277467e+00
  +5.66656869597952539408e+00
  +4.34504509191074994590e+00
  +2.28312558172273849522e+00
  -8.55398195846216319316e-02
  -2.26112646900801106398e+00
  -3.78349537379814693239e+00
  -4.33050053971944848286e+00
  -3.78673120323354917005e+00
  -2.26525816334138729857e+00
  -8.74720318549555286847e-02
  +2.28730720805989262701e+00
  +4.35594053358019994704e+00
  +5.68395640302909033181e+00
  +5.99339348061270804635e+00
  +5.22017329353898329458e+00
  +3.52401449163485391836e+00
  +1.25943727206117261908e+00
  -1.09603245241689695177e+00
  -3.04473190058063725161e+00
  -4.17441854453895544452e+00
  -4.24599232427462336403e+00
  -3.24413328032924797029e+00
  -1.37914683109919744552e+00
  +9.55849135557378271066e-01
  +3.26719102175902165186e+00
  +5.06571342806471758280e+00
  +5.97414314160937287568e+00
  +5.80344907151674505030e+00
  +4.58902473973192392975e+00
  +2.58294713822538790637e+00
  +2.06733176436630888828e-01
  -2.03808297261738591288e+00
  -3.67692982851843019887e+00
  -4.36305227687616170584e+00
  -3.95088697834819768673e+00
  -2.52694321364445428912e+00
  -3.90423371573401900569e-01
  +2.00669921190668221200e+00
  +4.15774910061140623441e+00
  +5.60891283538984897206e+00
</dep>
<dep _net1.Vt time>
  +1.00000000000000000000e+01
  +1.00000000000000000000e+01
  +1.00000000000000000000e+01
  +1.00000000000000000000e+01
  +1.00000000000000000000e+01
  +1.00000000000000000000e+01
  +1.00000000000000000000e+01
  +1.00000000000000000000e+01
  +1.00000000000000000000e+01
  +1.00000000000000000000e+01
  +1.00000000000000000000e+01
  +1.00000000000000000000e+01
  +1.00000000000000000000e+01
  +1.00000000000000000000e+01
  +1.00000000000000017764e+01
  +1.00000000000000000000e+01
  +1.00000000000000000000e+01
  +1.00000000000000000000e+01
  +1.00000000000000000000e+01
  +1.00000000000000000000e+01
  +1.00000000000000000000e+01
  +1.00000000000000000000e+01
  +1.00000000000000000000e+01
  +1.00000000000000000000e+01
  +1.00000000000000000000e+01
  +1.00000000000000000000e+01
  +1.00000000000000000000e+01
  +1.00000000000000000000e+01
  +1.00000000000000000000e+01
  +1.00000000000000000000e+01
  +1.00000000000000000000e+01
  +1.00000000000000000000e+01
  +1.00000000000000000000e+01
  +1.00000000000000000000e+01
  +1.00000000000000000000e+01
  +1.00000000000000000000e+01
  +1.00000000000000000000e+01
  +1.00000000000000000000e+01
  +1.00000000000000000000e+01
  +1.00000000000000000000e+01
  +9.99999999999999644729e+00
  +1.00000000000000000000e+01
  +1.00000000000000000000e+01
  +1.00000000000000000000e+01
  +1.00000000000000000000e+01
  +1.00000000000000000000e+01
  +1.00000000000000000000e+01
  +1.00000000000000000000e+01
  +1.00000000000000000000e+01
  +1.00000000000000000000e+01
  +1.00000000000000000000e+01
  +1.00000000000000000000e+01
  +1.00000000000000000000e+01
  +1.00000000000000000000e+01
  +1.00000000000000000000e+01
  +1.00000000000000017764e+01
  +1.00000000000000000000e+01
  +1.00000000000000000000e+01
  +1.00000000000000000000e+01
  +1.00000000000000000000e+01
  +1.00000000000000000000e+01
  +1.00000000000000000000e+01
  +1.00000000000000000000e+01
  +1.00000000000000000000e+01
  +1.00000000000000000000e+01
  +1.00000000000000000000e+01
  +1.00000000000000000000e+01
  +1.00000000000000017764e+01
  +9.99999999999999822364e+00
  +1.00000000000000000000e+01
  +1.00000000000000000000e+01
  +1.00000000000000000000e+01
  +1.00000000000000000000e+01
  +1.00000000000000000000e+01
  +1.00000000000000000000e+01
  +1.00000000000000000000e+01
  +1.00000000000000000000e+01
  +1.00000000000000000000e+01
  +1.00000000000000000000e+01
  +1.00000000000000000000e+01
  +1.00000000000000000000e+01
  +1.00000000000000000000e+01
  +1.00000000000000000000e+01
  +1.00000000000000000000e+01
  +1.00000000000000000000e+01
  +1.00000000000000000000e+01
  +1.00000000000000000000e+01
  +1.00000000000000000000e+01
  +1.00000000000000000000e+01
  +1.00000000000000000000e+01
  +1.00000000000000000000e+01
  +1.00000000000000000000e+01
  +1.00000000000000000000e+01
  +1.00000000000000000000e+01
  +1.00000000000000000000e+01
  +1.00000000000000000000e+01
  +1.00000000000000000000e+01
  +1.00000000000000000000e+01
  +1.00000000000000000000e+01
  +1.00000000000000000000e+01
  +1.00000000000000000000e+01
  +1.00000000000000000000e+01
  +1.00000000000000000000e+01
  +1.00000000000000000000e+01
  +1.00000000000000000000e+01
  +1.00000000000000000000e+01
  +1.00000000000000000000e+01
  +1.00000000000000000000e+01
  +1.00000000000000000000e+01
  +1.00000000000000000000e+01
  +1.00000000000000000000e+01
  +1.00000000000000035527e+01
  +1.00000000000000000000e+01
  +1.00000000000000000000e+01
  +1.00000000000000000000e+01
  +1.00000000000000000000e+01
  +1.00000000000000000000e+01
  +1.00000000000000000000e+01
  +1.00000000000000000000e+01
  +1.00000000000000000000e+01
  +1.00000000000000000000e+01
  +1.00000000000000000000e+01
  +1.00000000000000000000e+01
  +1.00000000000000000000e+01
  +9.99999999999999822364e+00
  +1.00000000000000000000e+01
  +1.00000000000000000000e+01
  +1.00000000000000000000e+01
  +1.00000000000000000000e+01
  +1.00000000000000000000e+01
  +1.00000000000000000000e+01
  +1.00000000000000000000e+01
  +1.00000000000000000000e+01
  +1.00000000000000000000e+01
  +1.00000000000000000000e+01
  +1.00000000000000000000e+01
  +1.00000000000000000000e+01
  +1.00000000000000000000e+01
  +1.00000000000000000000e+01
  +1.00000000000000000000e+01
  +1.00000000000000000000e+01
  +1.00000000000000000000e+01
  +1.00000000000000000000e+01
  +1.00000000000000000000e+01
  +1.00000000000000000000e+01
  +1.00000000000000000000e+01
  +1.00000000000000000000e+01
  +1.00000000000000000000e+01
  +1.00000000000000000000e+01
  +1.00000000000000017764e+01
  +1.00000000000000000000e+01
  +1.00000000000000000000e+01
  +1.00000000000000000000e+01
  +1.00000000000000000000e+01
  +1.00000000000000000000e+01
  +1.00000000000000053291e+01
  +1.00000000000000000000e+01
  +1.00000000000000000000e+01
  +1.00000000000000000000e+01
  +1.00000000000000000000e+01
  +1.00000000000000017764e+01
  +1.00000000000000000000e+01
  +1.00000000000000000000e+01
  +1.00000000000000000000e+01
  +1.00000000000000000000e+01
  +1.00000000000000000000e+01
  +1.00000000000000000000e+01
  +1.00000000000000000000e+01
  +1.00000000000000000000e+01
  +1.00000000000000000000e+01
  +1.00000000000000000000e+01
  +1.00000000000000000000e+01
  +1.00000000000000000000e+01
  +1.00000000000000000000e+01
  +1.00000000000000000000e+01
  +1.00000000000000000000e+01
  +1.00000000000000000000e+01
  +1.00000000000000000000e+01
  +1.00000000000000000000e+01
  +1.00000000000000000000e+01
  +1.00000000000000000000e+01
  +1.00000000000000000000e+01
  +1.00000000000000000000e+01
  +1.00000000000000000000e+01
  +1.00000000000000000000e+01
  +1.00000000000000000000e+01
  +1.00000000000000000000e+01
  +1.00000000000000000000e+01
  +1.00000000000000000000e+01
  +1.00000000000000000000e+01
  +1.00000000000000000000e+01
  +1.00000000000000000000e+01
  +1.00000000000000000000e+01
  +1.00000000000000000000e+01
  +1.00000000000000000000e+01
  +1.00000000000000000000e+01
  +1.00000000000000000000e+01
  +1.00000000000000000000e+01
  +1.00000000000000000000e+01
  +1.00000000000000000000e+01
</dep>
<dep _net2.Vt time>
  +8.44929665052104539313e-01
  +8.50466236154479915399e-01
  +8.53856009747647526353e-01
  +8.55339974237801392576e-01
  +8.54744732846787869107e-01
  +8.52415768811516372239e-01
  +8.48034370062952902458e-01
  +8.41823829314543914393e-01
  +8.34359037788699353655e-01
  +8.27382005111649831974e-01
  +8.24191368438846438949e-01
  +8.27009243803782823079e-01
  +8.33851034091448894969e-01
  +8.41366562543036877742e-01
  +8.47699486347231356831e-01
  +8.52222796608901767001e-01
  +8.54796990893232688791e-01
  +8.55415537448959817368e-01
  +8.54082293795749514231e-01
  +8.50789114427534798324e-01
  +8.45564360737752096497e-01
  +8.38664391227261774020e-01
  +8.31062527124498018338e-01
  +8.25251455884385975992e-01
  +8.24645632289188412756e-01
  +8.29687270142116517491e-01
  +8.37199099538469937443e-01
  +8.44357268779585723451e-01
  +8.49950183315750784629e-01
  +8.53634450919318332751e-01
  +8.55355542562602266798e-01
  +8.55121253502550082715e-01
  +8.52926796671085618584e-01
  +8.48767244299800438512e-01
  +8.42731188779220374840e-01
  +8.35297731425102440994e-01
  +8.28020458700061467994e-01
  +8.24108368449119055299e-01
  +8.26229864805270608485e-01
  +8.32847208337547328938e-01
  +8.40481692000567548462e-01
  +8.47055731122278388057e-01
  +8.51841883660720888827e-01
  +8.54672001080432508502e-01
  +8.55535692110550805012e-01
  +8.54438829802897537036e-01
  +8.51372522170904311167e-01
  +8.46350400759108723037e-01
  +8.39573121948204104115e-01
  +8.31878741865283544143e-01
  +8.25568071306534534415e-01
  +8.24172343017245623287e-01
  +8.28721271923843261220e-01
  +8.36203619404072284738e-01
  +8.43560940448657703428e-01
  +8.49413803328125993630e-01
  +8.53359755613705139865e-01
  +8.55330974212845873694e-01
  +8.55335812666980999097e-01
  +8.53372205400793504282e-01
  +8.49429320690373579339e-01
  +8.43569053981143568421e-01
  +8.36187256089369057577e-01
  +8.28657446457560453723e-01
  +8.24060495812016569062e-01
  +8.25449258125692253429e-01
  +8.31793534977929738261e-01
  +8.39534435552913294032e-01
  +8.46353410253692928222e-01
  +8.51409013000181680297e-01
  +8.54500523661930522223e-01
  +8.55612929422389534295e-01
  +8.54755773713852917695e-01
  +8.51919059719879356862e-01
  +8.47105277896094577272e-01
  +8.40468439427722202595e-01
  +8.32720151013507603466e-01
  +8.25954055003002451940e-01
  +8.23752752714820957181e-01
  +8.27733037989668574141e-01
  +8.35143888677849943747e-01
  +8.42695987735423202025e-01
  +8.48817128824380873198e-01
  +8.53034990258521474971e-01
  +8.55266080461964506299e-01
  +8.55517628877647595687e-01
  +8.53791559016566559137e-01
  +8.50074537589422085659e-01
  +8.44403259412482398716e-01
  +8.37100556556231722993e-01
  +8.29364548942800539066e-01
  +8.24106337274470135412e-01
  +8.24705475573598079109e-01
  +8.30709731224349212653e-01
  +8.38532071345197138612e-01
  +8.45596072779660090646e-01
  +8.50928096859708382738e-01
  +8.54288428288571211056e-01
  +8.55656337228704266806e-01
  +8.55042682222469707654e-01
  +8.52439225299820080295e-01
  +8.47838965124966037479e-01
  +8.41355251005884596793e-01
  +8.33587152449874579929e-01
  +8.26422602947511464322e-01
  +8.23422013685398468397e-01
  +8.26769125102977398001e-01
  +8.34062621292279260388e-01
  +8.41795109970064459048e-01
  +8.48183735428085228136e-01
  +8.52675535413256469042e-01
  +8.55167978184476318404e-01
  +8.55668339707047920228e-01
  +8.54180582280290146002e-01
  +8.50689356509739091905e-01
  +8.45213682247228703659e-01
  +8.38007406589614589620e-01
  +8.30112585736841879225e-01
  +8.24247493364667960236e-01
  +8.24037290611460804257e-01
  +8.29642485469571866474e-01
  +8.37515103375181979573e-01
  +8.44814477390613660646e-01
  +8.50420300639231463435e-01
  +8.54047780212051854676e-01
  +8.55668872342524089447e-01
  +8.55297591907625331942e-01
  +8.52928564135005728986e-01
  +8.48546927305395826124e-01
  +8.42230969849827815210e-01
  +8.34479019522458287383e-01
  +8.26971053576237125071e-01
  +8.23191157218964519870e-01
  +8.25842485299023820744e-01
  +8.32958744900951231216e-01
  +8.40854006714135238099e-01
  +8.47509679044101460477e-01
  +8.52279030269440518452e-01
  +8.55036622519350864025e-01
  +8.55788757548710421474e-01
  +8.54543158199409624842e-01
  +8.51283930219717710486e-01
  +8.46014511128904800330e-01
  +8.38933852152781156519e-01
  +8.30926037295482089462e-01
  +8.24496795960943273940e-01
  +8.23441245416750788877e-01
  +8.28567933940018264138e-01
  +8.36452870566985140499e-01
  +8.43982735255158544874e-01
  +8.49867301000832853219e-01
  +8.53768696326399734176e-01
  +8.55648932629273772932e-01
  +8.55526312748749795389e-01
  +8.53397547668106604135e-01
  +8.49243388136265764388e-01
  +8.43110283251967018714e-01
  +8.35403492827618165961e-01
  +8.27604108858809084381e-01
  +8.23067091946446893758e-01
  +8.24958738739283603536e-01
  +8.31839837117172464787e-01
  +8.39876645833278701048e-01
  +8.46797060610040119855e-01
  +8.51846766346716854912e-01
  +8.54872438326777839279e-01
  +8.55878554912882449912e-01
  +8.54878506667177795464e-01
  +8.51855476369707709239e-01
  +8.46802012930520930922e-01
  +8.39862633316846185494e-01
  +8.31789979782248778406e-01
  +8.24854799914223946189e-01
  +8.22931550551443180552e-01
  +8.27493391060432514905e-01
  +8.35344562240058152724e-01
  +8.43096908057514582424e-01
  +8.49265539385065437727e-01
  +8.53448314043527389572e-01
  +8.55595440497870285412e-01
  +8.55725651944826637418e-01
  +8.53840497522983632450e-01
  +8.49916877332331566208e-01
  +8.43979591043948929041e-01
  +8.36349990086306505077e-01
  +8.28315583993850523825e-01
  +8.23055463047611013394e-01
  +8.24128973972806377901e-01
  +8.30699690488913233821e-01
  +8.38852191306665773141e-01
  +8.46036814292251193592e-01
  +8.51372159210368018023e-01
  +8.54671789612806875880e-01
  +8.55937211214605753185e-01
  +8.55184503349230240588e-01
  +8.52401240008348715094e-01
  +8.47566982026425108643e-01
  +8.40786491881644337809e-01
  +8.32682200045480769290e-01
  +8.25300429284238745709e-01
</dep>
